  1.29500e+00 
  1.29875e+00 
  1.46461e+00 
  1.65924e+00 
  1.89067e+00 
  2.16749e+00 
  2.50067e+00 
  2.90430e+00 
  3.39664e+00 
  4.00145e+00 
  4.75000e+00 
  5.76715e+00 
  7.07072e+00 
  8.75819e+00 
  1.09657e+01 
  1.38856e+01 
  1.77929e+01 
  2.30855e+01 
  3.03471e+01 
  4.04448e+01 
  5.46864e+01 
  7.50724e+01 
  1.04712e+02 
  1.48517e+02 
  2.14380e+02 
  3.15212e+02 
  4.72537e+02 
  7.22946e+02 
  1.12995e+03 
  1.80616e+03 
  2.95593e+03 
  4.95886e+03 
  8.53814e+03 
  1.51079e+04 
  2.75107e+04 
  5.16275e+04 
  1.00000e+05 