 1.081E-05
 3.304E-05 
 7.445E-05 
 1.410E-04 
 2.386E-04 
 3.733E-04 
 5.510E-04 
 7.777E-04 
 1.059E-03 
 1.402E-03 
 1.811E-03 
 2.293E-03 
 2.854E-03 
 3.500E-03 
 4.237E-03 
 5.070E-03 
 6.005E-03 
 7.050E-03 
 8.209E-03 
 9.488E-03 
 1.089E-02 
 1.243E-02 
 1.411E-02 
 1.593E-02 
 1.790E-02 
 2.003E-02 
 2.232E-02 
 2.478E-02 
 2.741E-02 
 3.022E-02 
 3.322E-02 
 3.641E-02 
 3.980E-02 
 4.339E-02 
 4.719E-02 
 5.121E-02 
 5.545E-02 
 5.992E-02 
 6.462E-02 
 6.956E-02 
 7.475E-02 
 8.019E-02 
 8.589E-02 
 9.185E-02 
 9.808E-02 
 1.046E-01 
 1.114E-01 
 1.184E-01 
 1.258E-01 
 1.335E-01 
 1.414E-01 
 1.497E-01 
 1.583E-01 
 1.673E-01 
 1.765E-01 
 1.861E-01 
 1.960E-01 
 2.063E-01 
 2.169E-01 
 2.279E-01 
 2.393E-01 
 2.510E-01 
 2.631E-01 
 2.756E-01 
 2.885E-01 
 3.017E-01 
 3.154E-01 
 3.295E-01 
 3.440E-01 
 3.589E-01 
 3.742E-01 
 3.899E-01 
 4.061E-01 
 4.228E-01 
 4.399E-01 
 4.574E-01 
 4.754E-01 
 4.939E-01 
 5.128E-01 
 5.322E-01 
 5.522E-01 
 5.725E-01 
 5.934E-01 
 6.148E-01 
 6.367E-01 
 6.591E-01 
 6.821E-01 
 7.055E-01 
 7.295E-01 
 7.541E-01 
 7.791E-01 
 8.047E-01 
 8.309E-01 
 8.577E-01 
 8.850E-01 
 9.129E-01 
 9.413E-01 
 9.704E-01 
