6.14421E-06
7.50456E-06
8.00301E-06
8.66763E-06
9.16609E-06
9.77491E-06
1.05866E-05
1.11955E-05
1.19391E-05
1.29305E-05
1.36742E-05
1.45824E-05
1.57934E-05
1.67017E-05
1.78110E-05
1.92901E-05
2.03995E-05
2.17544E-05
2.35610E-05
2.49160E-05
2.65709E-05
2.87775E-05
3.04325E-05
3.24538E-05
3.51489E-05
3.71703E-05
3.96391E-05
4.29310E-05
4.53999E-05
4.84154E-05
5.24360E-05
5.54516E-05
5.91347E-05
6.40455E-05
6.77287E-05
7.22273E-05
7.82254E-05
8.27241E-05
8.82185E-05
9.55445E-05
1.01039E-04
1.07750E-04
1.16698E-04
1.23410E-04
1.31606E-04
1.42536E-04
1.50733E-04
1.60744E-04
1.74094E-04
1.84106E-04
1.96334E-04
2.12638E-04
2.24867E-04
2.39803E-04
2.59717E-04
2.74654E-04
2.92896E-04
3.17220E-04
3.35463E-04
3.57744E-04
3.87453E-04
4.09735E-04
4.36949E-04
4.73236E-04
5.00451E-04
5.33691E-04
5.78012E-04
6.11253E-04
6.51852E-04
7.05986E-04
7.46586E-04
7.96174E-04
8.62293E-04
9.11882E-04
9.72451E-04
1.05321E-03
1.11378E-03
1.18775E-03
1.28639E-03
1.36037E-03
1.45072E-03
1.57120E-03
1.66156E-03
1.77192E-03
1.91906E-03
2.02943E-03
2.16422E-03
2.34395E-03
2.47875E-03
2.64339E-03
2.86291E-03
3.02755E-03
3.22864E-03
3.49676E-03
3.69786E-03
3.94347E-03
4.27096E-03
4.51658E-03
4.81657E-03
5.21656E-03
5.51656E-03
5.88297E-03
6.37153E-03
6.73795E-03
7.18549E-03
7.78221E-03
8.22975E-03
8.77636E-03
9.50518E-03
1.00518E-02
1.11645E-02
1.22773E-02
1.36364E-02
1.49956E-02
1.66556E-02
1.83156E-02
2.03432E-02
2.23708E-02
2.48472E-02
2.73237E-02
3.03485E-02
3.33733E-02
3.70677E-02
4.07622E-02
4.52746E-02
4.97871E-02
5.52986E-02
6.08101E-02
6.75418E-02
7.42736E-02
8.24958E-02
9.07180E-02
1.00760E-01
1.10803E-01
1.23069E-01
1.35335E-01
1.40000E-01
1.44665E-01
1.49651E-01
1.54638E-01
1.59968E-01
1.65299E-01
1.70996E-01
1.76694E-01
1.82785E-01
1.88876E-01
1.95386E-01
2.01897E-01
2.08856E-01
2.15815E-01
2.23254E-01
2.30693E-01
2.38645E-01
2.46597E-01
2.55097E-01
2.63597E-01
2.72683E-01
2.81769E-01
2.91481E-01
3.01194E-01
3.11576E-01
3.21958E-01
3.33056E-01
3.44154E-01
3.56016E-01
3.67879E-01
3.80560E-01
3.93241E-01
4.06795E-01
4.20350E-01
4.34839E-01
4.49329E-01
4.64817E-01
4.80305E-01
4.96861E-01
5.13417E-01
5.31114E-01
5.48812E-01
5.54978E-01
5.61144E-01
5.67448E-01
5.73753E-01
5.80199E-01
5.86646E-01
5.93237E-01
5.99829E-01
6.06568E-01
6.13307E-01
6.20198E-01
6.27089E-01
6.34134E-01
6.41180E-01
6.48384E-01
6.55588E-01
6.62954E-01
6.70320E-01
6.77851E-01
6.85383E-01
6.93083E-01
7.00784E-01
7.08657E-01
7.16531E-01
7.24581E-01
7.32632E-01
7.40863E-01
7.49095E-01
7.57511E-01
7.65928E-01
7.74533E-01
7.83139E-01
7.91938E-01
8.00737E-01
8.09734E-01
8.18731E-01
8.21774E-01
8.24818E-01
8.27884E-01
8.30950E-01
8.34039E-01
8.37128E-01
8.40240E-01
8.43352E-01
8.46487E-01
8.49623E-01
8.52781E-01
8.55940E-01
8.59121E-01
8.62303E-01
8.65509E-01
8.68715E-01
8.71944E-01
8.75173E-01
8.78426E-01
8.81680E-01
8.84957E-01
8.88235E-01
8.91537E-01
8.94839E-01
8.98165E-01
9.01492E-01
9.04843E-01
9.08195E-01
9.11571E-01
9.14947E-01
9.18348E-01
9.21750E-01
9.25176E-01
9.28603E-01
9.32055E-01
9.35507E-01
9.38984E-01
9.42462E-01
9.45966E-01
9.49470E-01
9.52999E-01
9.56529E-01
9.60084E-01
9.63640E-01
9.67222E-01
9.70805E-01
9.74414E-01
9.78023E-01
9.81658E-01
9.85294E-01
9.88957E-01
9.92620E-01
9.96310E-01
1.00000E+00