0.00001081
0.00003304
0.00007445
0.000141
0.0002386
0.0003733
0.000551
0.0007777
0.001059
0.001402
0.001811
0.002293
0.002854
0.0035
0.004237
0.00507
0.006005
0.00705
0.008209
0.009488
0.01089
0.01243
0.01411
0.01593
0.0179
0.02003
0.02232
0.02478
0.02741
0.03022
0.03322
0.03641
0.0398
0.04339
0.04719
0.05121
0.05545
0.05992
0.06462
0.06956
0.07475
0.08019
0.08589
0.09185
0.09808
0.1046
0.1114
0.1184
0.1258
0.1335
0.1414
0.1497
0.1583
0.1673
0.1765
0.1861
0.196
0.2063
0.2169
0.2279
0.2393
0.251
0.2631
0.2756
0.2885
0.3017
0.3154
0.3295
0.344
0.3589
0.3742
0.3899
0.4061
0.4228
0.4399
0.4574
0.4754
0.4939
0.5128
0.5322
0.5522
0.5725
0.5934
0.6148
0.6367
0.6591
0.6821
0.7055
0.7295
0.7541
0.7791
0.8047
0.8309
0.8577
0.885
0.9129
0.9413
0.9704