0.0001
0.000115426
0.000133229
0.000153777
0.000177491
0.000204858
0.000236439
0.000272883
0.000314935
0.000363455
0.000419436
0.000484018
0.000558516
0.000644443
0.000743542
0.000857814
0.000989562
0.00114143
0.00131645
0.00151811
0.00175039
0.00201785
0.00232572
0.00267993
0.00308727
0.00355545
0.0040932
0.0047104
0.00541823
0.0062292
0.00715735
0.00821835
0.00942954
0.0108101
0.0123809
0.014165
0.0161868
0.0184728
0.0210509
0.0239503
0.0272011
0.0308343
0.0348806
0.0393704
0.0443332
0.0497967
0.0557866
0.0623256
0.0694334
0.0771259
0.0854153
0.0943099
0.103814
0.113928
0.124648
0.135969
0.14788
0.16037
0.173425
0.187029
0.201164
0.215813
0.230956
0.246575
0.26265
0.279163
0.296093
0.313424
0.331136
0.349212
0.367636
0.386392
0.405463
0.424835
0.444495
0.464428
0.484622
0.505065
0.525746
0.546653
0.567777
0.589108
0.610636
0.632353
0.654251
0.676323
0.698559
0.720955
0.743502
0.766196
0.78903
0.811998
0.835095
0.858316
0.881657
0.905112
0.928678
0.952351
0.976126
1
